[MAPDATA_TEXT_OUTPUT]
MAPDATA_EXIST=1
TILESET_ID=0
MAP_WIDTH=20
MAP_HEIGHT=15
MAPLAYER=3
[--MAP_START--]
[MAPLAYER_1_START]
306,306,306,306,306,306,306,306,306,306,306,306,306,306,306,306,306,306,306,306,
306,306,306,306,306,306,306,306,306,306,306,306,306,306,306,306,306,306,306,306,
306,306,306,306,306,306,306,306,306,306,306,306,306,306,306,306,306,306,306,306,
306,306,306,306,306,306,306,306,306,306,306,306,306,306,306,306,306,306,306,306,
306,306,306,306,306,306,306,306,306,306,306,306,306,306,306,306,306,306,306,306,
306,306,306,306,306,306,306,306,306,306,306,306,306,306,306,306,306,306,306,306,
306,306,306,306,306,306,306,306,306,306,306,306,306,306,306,306,306,306,306,306,
306,306,306,306,306,306,306,306,306,306,306,306,306,306,306,306,306,306,306,306,
306,306,306,306,306,306,306,306,306,306,306,306,306,306,306,306,306,306,306,306,
306,306,306,306,306,306,306,306,306,306,306,306,306,306,306,306,306,306,306,306,
306,306,306,306,306,306,306,306,306,306,306,306,306,306,306,306,306,306,306,306,
306,306,306,306,306,306,306,306,306,306,306,306,306,306,306,306,306,306,306,306,
306,306,306,306,306,306,306,306,306,306,306,306,306,306,306,306,306,306,306,306,
306,306,306,306,306,306,306,306,306,306,306,306,306,306,306,306,306,306,306,306,
306,306,306,306,306,306,306,306,306,306,306,306,306,306,306,306,306,306,306,306,
[MAPLAYER_1_END]
[MAPLAYER_2_START]
100000,100000,100000,100000,100000,100000,100000,100000,100000,100000,100000,100000,100000,100000,100000,100000,100000,100000,100000,100000,
100000,100000,100000,100000,100000,100000,100000,100000,100000,100000,100000,100000,100000,100000,100000,100000,100000,100000,100000,100000,
100000,100000,100000,100000,100000,100000,100000,100000,100000,100000,100000,100000,100000,100000,100000,100000,100000,100000,100000,100000,
100000,100000,100000,100000,100000,100000,100000,100000,100000,100000,100000,100000,100000,100000,100000,100000,100000,100000,100000,100000,
100000,100000,100000,100000,100000,100000,100000,100000,100000,100000,100000,100000,100000,100000,100000,100000,100000,100000,100000,100000,
100000,100000,100000,100000,100000,100000,100000,100000,100000,100000,100000,100000,100000,100000,100000,100000,100000,100000,100000,100000,
100000,100000,100000,100000,100000,100000,100000,100000,100000,100000,100000,100000,100000,100000,100000,100000,100000,100000,100000,100000,
100000,100000,100000,100000,100000,100000,100000,100000,100000,100000,100000,100000,100000,100000,100000,100000,100000,100000,100000,100000,
100000,100000,100000,100000,100000,100000,100000,100000,100000,100000,100000,100000,100000,100000,100000,100000,100000,100000,100000,100000,
100000,100000,100000,100000,100000,100000,100000,100000,100000,100000,100000,100000,100000,100000,100000,100000,100000,100000,100000,100000,
100000,100000,100000,100000,100000,100000,100000,100000,100000,100000,100000,100000,100000,100000,100000,100000,100000,100000,100000,100000,
100000,100000,100000,100000,100000,100000,100000,100000,100000,100000,100000,100000,100000,100000,100000,100000,100000,100000,100000,100000,
100000,100000,100000,100000,100000,100000,100000,100000,100000,100000,100000,100000,100000,100000,100000,100000,100000,100000,100000,100000,
100000,100000,100000,100000,100000,100000,100000,100000,100000,100000,100000,100000,100000,100000,100000,100000,100000,100000,100000,100000,
100000,100000,100000,100000,100000,100000,100000,100000,100000,100000,100000,100000,100000,100000,100000,100000,100000,100000,100000,100000,
[MAPLAYER_2_END]
[MAPLAYER_3_START]
510,510,510,510,510,510,510,510,510,510,510,510,510,510,510,510,510,510,510,510,
510,828,497,497,828,497,497,497,497,497,497,497,497,497,497,497,497,497,497,510,
510,836,505,505,836,714,715,505,505,505,505,505,505,505,505,505,505,505,505,510,
510,293,293,293,293,722,723,100214,102244,102244,102244,102244,102244,102244,102244,102041,832,833,834,510,
510,293,779,780,293,100214,102244,103444,104444,104444,104444,104444,104444,104444,104444,104141,840,841,842,510,
510,293,787,788,293,101414,104444,104444,104444,104444,104444,104444,104444,104444,104444,104344,102244,102244,102041,510,
510,293,293,293,293,101414,104444,104444,104444,104444,104444,104444,104444,104444,104443,104422,104434,104444,104141,510,
510,100214,102244,102244,102244,103444,104444,104444,104444,104444,104444,104444,104444,104443,104120,754,101402,104434,104141,510,
510,101414,104444,104444,104444,104444,104444,104444,104444,104444,104444,104444,104444,104141,754,746,754,101414,104141,510,
510,101414,104444,104444,104444,104444,104444,104444,104444,104444,104444,104444,104444,104344,102041,754,100214,103444,104141,510,
510,101414,104444,104444,104444,104444,104444,104444,104444,104444,104444,104444,104444,104444,104344,102244,103444,104444,104141,510,
510,101414,104444,104444,104444,104444,104444,104444,104444,104444,104444,104444,104444,104444,104444,104444,104444,104444,104141,510,
510,101402,104422,104434,104444,104444,104444,104444,104444,104444,104444,104444,104444,104444,104444,104444,104444,104443,104120,510,
510,860,860,101402,104422,104422,104422,104422,104422,104434,104443,104422,104422,104422,104422,104422,104422,104120,859,510,
510,510,510,510,510,510,510,510,510,101414,104141,510,510,510,510,510,510,510,510,510,
[MAPLAYER_3_END]
[--MAP_END--]
----------
[EVENTDATA_TEXT_OUTPUT]
EVENT_NUM=3
-----
EVENT_ID=0
EVENT_NAME=
EVENT_X=10
EVENT_Y=14
EVENT_PAGE=1
OPTION_DATA_NUM=0
EVENT_PAGE_NUM=1
EVENT_PAGE=0
EVENT_TILE_ID=-1
GRAPHIC_FILENAME=
EVENT_DIRECTION=2
EVENT_PATTERN=1
EVENT_OPACITY=255
EVENT_BLENDTYPE=0
EVENT_TRIGGER_TYPE=4
EVENT_CONDITION_0_USE=32
EVENT_CONDITION_TARGET_0=1000000
EVENT_CONDITION_VALUE_0=0
EVENT_CONDITION_1_USE=32
EVENT_CONDITION_TARGET_1=1000000
EVENT_CONDITION_VALUE_1=0
EVENT_CONDITION_2_USE=32
EVENT_CONDITION_TARGET_2=1000000
EVENT_CONDITION_VALUE_2=0
EVENT_CONDITION_3_USE=32
EVENT_CONDITION_TARGET_3=1000000
EVENT_CONDITION_VALUE_3=0
ANIME_SPEED=3
MOVE_SPEED=3
MOVE_FREQUENCY=3
MOVE_TYPE=0
CHARA_OPTION_FLAG=35
ROUTE_OPTION_FLAG=2
ROUTE_COMMAND_NUM=0
OPTION_VAL_NUM=3
OPTION_VAL_0=0
OPTION_VAL_1=3
OPTION_VAL_2=0
COMMAND_NUM=2
--
WoditorEvCOMMAND_START
[130][6,0]<0>(-1,22,18,5,0,0)()
[0][0,0]<0>()()
WoditorEvCOMMAND_END
--
[COMMAND_TEXT_START]
■場所移動：主人公 ▲マップID5[外　村] X:22 Y:18  [ﾄﾗﾝｼﾞｼｮﾝなし]
■
[COMMAND_TEXT_END]
-----
EVENT_ID=1
EVENT_NAME=Base_BaseChip_pipo
EVENT_X=1
EVENT_Y=3
EVENT_PAGE=2
OPTION_DATA_NUM=0
EVENT_PAGE_NUM=2
EVENT_PAGE=0
EVENT_TILE_ID=863
GRAPHIC_FILENAME=MapChip/Base_BaseChip_pipo.png
EVENT_DIRECTION=2
EVENT_PATTERN=1
EVENT_OPACITY=255
EVENT_BLENDTYPE=0
EVENT_TRIGGER_TYPE=0
EVENT_CONDITION_0_USE=32
EVENT_CONDITION_TARGET_0=1000000
EVENT_CONDITION_VALUE_0=0
EVENT_CONDITION_1_USE=32
EVENT_CONDITION_TARGET_1=1000000
EVENT_CONDITION_VALUE_1=0
EVENT_CONDITION_2_USE=32
EVENT_CONDITION_TARGET_2=1000000
EVENT_CONDITION_VALUE_2=0
EVENT_CONDITION_3_USE=32
EVENT_CONDITION_TARGET_3=1000000
EVENT_CONDITION_VALUE_3=0
ANIME_SPEED=3
MOVE_SPEED=3
MOVE_FREQUENCY=3
MOVE_TYPE=0
CHARA_OPTION_FLAG=35
ROUTE_OPTION_FLAG=2
ROUTE_COMMAND_NUM=0
OPTION_VAL_NUM=3
OPTION_VAL_0=0
OPTION_VAL_1=0
OPTION_VAL_2=0
COMMAND_NUM=2
--
WoditorEvCOMMAND_START
[101][0,1]<0>()("金庫のようだ<\n>しっかりカギがかかっている")
[0][0,0]<0>()()
WoditorEvCOMMAND_END
--
[COMMAND_TEXT_START]
■文章:金庫のようだ\nしっかりカギがかかっている
■
[COMMAND_TEXT_END]
EVENT_PAGE=1
EVENT_TILE_ID=871
GRAPHIC_FILENAME=MapChip/Base_BaseChip_pipo.png
EVENT_DIRECTION=2
EVENT_PATTERN=1
EVENT_OPACITY=255
EVENT_BLENDTYPE=0
EVENT_TRIGGER_TYPE=0
EVENT_CONDITION_0_USE=33
EVENT_CONDITION_TARGET_0=1000000
EVENT_CONDITION_VALUE_0=1
EVENT_CONDITION_1_USE=32
EVENT_CONDITION_TARGET_1=1000000
EVENT_CONDITION_VALUE_1=0
EVENT_CONDITION_2_USE=32
EVENT_CONDITION_TARGET_2=1000000
EVENT_CONDITION_VALUE_2=0
EVENT_CONDITION_3_USE=32
EVENT_CONDITION_TARGET_3=1000000
EVENT_CONDITION_VALUE_3=0
ANIME_SPEED=3
MOVE_SPEED=3
MOVE_FREQUENCY=3
MOVE_TYPE=0
CHARA_OPTION_FLAG=35
ROUTE_OPTION_FLAG=2
ROUTE_COMMAND_NUM=0
OPTION_VAL_NUM=3
OPTION_VAL_0=0
OPTION_VAL_1=0
OPTION_VAL_2=0
COMMAND_NUM=1
--
WoditorEvCOMMAND_START
[0][0,0]<0>()()
WoditorEvCOMMAND_END
--
[COMMAND_TEXT_START]
■
[COMMAND_TEXT_END]
-----
EVENT_ID=2
EVENT_NAME=Chara_Priest2_USM
EVENT_X=14
EVENT_Y=8
EVENT_PAGE=1
OPTION_DATA_NUM=0
EVENT_PAGE_NUM=1
EVENT_PAGE=0
EVENT_TILE_ID=-1
GRAPHIC_FILENAME=CharaChip/Chara_Priest2_USM.png
EVENT_DIRECTION=2
EVENT_PATTERN=1
EVENT_OPACITY=255
EVENT_BLENDTYPE=0
EVENT_TRIGGER_TYPE=0
EVENT_CONDITION_0_USE=32
EVENT_CONDITION_TARGET_0=1000000
EVENT_CONDITION_VALUE_0=0
EVENT_CONDITION_1_USE=32
EVENT_CONDITION_TARGET_1=1000000
EVENT_CONDITION_VALUE_1=0
EVENT_CONDITION_2_USE=32
EVENT_CONDITION_TARGET_2=1000000
EVENT_CONDITION_VALUE_2=0
EVENT_CONDITION_3_USE=32
EVENT_CONDITION_TARGET_3=1000000
EVENT_CONDITION_VALUE_3=0
ANIME_SPEED=3
MOVE_SPEED=3
MOVE_FREQUENCY=3
MOVE_TYPE=0
CHARA_OPTION_FLAG=35
ROUTE_OPTION_FLAG=2
ROUTE_COMMAND_NUM=0
OPTION_VAL_NUM=3
OPTION_VAL_0=0
OPTION_VAL_1=0
OPTION_VAL_2=0
COMMAND_NUM=2
--
WoditorEvCOMMAND_START
[101][0,1]<0>()("何か御用？")
[0][0,0]<0>()()
WoditorEvCOMMAND_END
--
[COMMAND_TEXT_START]
■文章:何か御用？
■
[COMMAND_TEXT_END]
